sine table:
0.000,
0.004,
0.009,
0.013,
0.018,
0.022,
0.027,
0.031,
0.036,
0.040,
0.044,
0.049,
0.053,
0.058,
0.062,
0.066,
0.071,
0.075,
0.079,
0.083,
0.088,
0.092,
0.096,
0.100,
0.104,
0.108,
0.112,
0.116,
0.120,
0.124,
0.128,
0.132,
0.136,
0.139,
0.143,
0.147,
0.150,
0.154,
0.158,
0.161,
0.165,
0.168,
0.171,
0.175,
0.178,
0.181,
0.184,
0.187,
0.190,
0.193,
0.196,
0.199,
0.202,
0.204,
0.207,
0.210,
0.212,
0.215,
0.217,
0.219,
0.222,
0.224,
0.226,
0.228,
0.230,
0.232,
0.234,
0.236,
0.237,
0.239,
0.241,
0.242,
0.243,
0.245,
0.246,
0.247,
0.248,
0.249,
0.250,
0.251,
0.252,
0.253,
0.254,
0.254,
0.255,
0.255,
0.255,
1.000,
1.000,
1.000,
1.000,
1.000,
1.000,
1.000,
0.255,
0.255,
0.255,
0.254,
0.254,
0.253,
0.252,
0.251,
0.250,
0.249,
0.248,
0.247,
0.246,
0.245,
0.243,
0.242,
0.241,
0.239,
0.237,
0.236,
0.234,
0.232,
0.230,
0.228,
0.226,
0.224,
0.222,
0.219,
0.217,
0.215,
0.212,
0.210,
0.207,
0.204,
0.202,
0.199,
0.196,
0.193,
0.190,
0.187,
0.184,
0.181,
0.178,
0.175,
0.171,
0.168,
0.165,
0.161,
0.158,
0.154,
0.150,
0.147,
0.143,
0.139,
0.136,
0.132,
0.128,
0.124,
0.120,
0.116,
0.112,
0.108,
0.104,
0.100,
0.096,
0.092,
0.088,
0.083,
0.079,
0.075,
0.071,
0.066,
0.062,
0.058,
0.053,
0.049,
0.044,
0.040,
0.036,
0.031,
0.027,
0.022,
0.018,
0.013,
0.009,
0.004,
0.000,
255.252,
255.247,
255.243,
255.238,
255.234,
255.229,
255.225,
255.220,
255.216,
255.212,
255.207,
255.203,
255.198,
255.194,
255.190,
255.185,
255.181,
255.177,
255.173,
255.168,
255.164,
255.160,
255.156,
255.152,
255.148,
255.144,
255.140,
255.136,
255.132,
255.128,
255.124,
255.120,
255.117,
255.113,
255.109,
255.106,
255.102,
255.098,
255.095,
255.091,
255.088,
255.085,
255.081,
255.078,
255.075,
255.072,
255.069,
255.066,
255.063,
255.060,
255.057,
255.054,
255.052,
255.049,
255.046,
255.044,
255.041,
255.039,
255.037,
255.034,
255.032,
255.030,
255.028,
255.026,
255.024,
255.022,
255.020,
255.019,
255.017,
255.015,
255.014,
255.013,
255.011,
255.010,
255.009,
255.008,
255.007,
255.006,
255.005,
255.004,
255.003,
255.002,
255.002,
255.001,
255.001,
255.001,
255.000,
255.000,
255.000,
255.000,
255.000,
255.000,
255.000,
255.001,
255.001,
255.001,
255.002,
255.002,
255.003,
255.004,
255.005,
255.006,
255.007,
255.008,
255.009,
255.010,
255.011,
255.013,
255.014,
255.015,
255.017,
255.019,
255.020,
255.022,
255.024,
255.026,
255.028,
255.030,
255.032,
255.034,
255.037,
255.039,
255.041,
255.044,
255.046,
255.049,
255.052,
255.054,
255.057,
255.060,
255.063,
255.066,
255.069,
255.072,
255.075,
255.078,
255.081,
255.085,
255.088,
255.091,
255.095,
255.098,
255.102,
255.106,
255.109,
255.113,
255.117,
255.120,
255.124,
255.128,
255.132,
255.136,
255.140,
255.144,
255.148,
255.152,
255.156,
255.160,
255.164,
255.168,
255.173,
255.177,
255.181,
255.185,
255.190,
255.194,
255.198,
255.203,
255.207,
255.212,
255.216,
255.220,
255.225,
255.229,
255.234,
255.238,
255.243,
255.247,
255.252,

cosine table:
1.000,
1.000,
1.000,
1.000,
0.255,
0.255,
0.255,
0.254,
0.254,
0.253,
0.252,
0.251,
0.250,
0.249,
0.248,
0.247,
0.246,
0.245,
0.243,
0.242,
0.241,
0.239,
0.237,
0.236,
0.234,
0.232,
0.230,
0.228,
0.226,
0.224,
0.222,
0.219,
0.217,
0.215,
0.212,
0.210,
0.207,
0.204,
0.202,
0.199,
0.196,
0.193,
0.190,
0.187,
0.184,
0.181,
0.178,
0.175,
0.171,
0.168,
0.165,
0.161,
0.158,
0.154,
0.150,
0.147,
0.143,
0.139,
0.136,
0.132,
0.128,
0.124,
0.120,
0.116,
0.112,
0.108,
0.104,
0.100,
0.096,
0.092,
0.088,
0.083,
0.079,
0.075,
0.071,
0.066,
0.062,
0.058,
0.053,
0.049,
0.044,
0.040,
0.036,
0.031,
0.027,
0.022,
0.018,
0.013,
0.009,
0.004,
0.000,
255.252,
255.247,
255.243,
255.238,
255.234,
255.229,
255.225,
255.220,
255.216,
255.212,
255.207,
255.203,
255.198,
255.194,
255.190,
255.185,
255.181,
255.177,
255.173,
255.168,
255.164,
255.160,
255.156,
255.152,
255.148,
255.144,
255.140,
255.136,
255.132,
255.128,
255.124,
255.120,
255.117,
255.113,
255.109,
255.106,
255.102,
255.098,
255.095,
255.091,
255.088,
255.085,
255.081,
255.078,
255.075,
255.072,
255.069,
255.066,
255.063,
255.060,
255.057,
255.054,
255.052,
255.049,
255.046,
255.044,
255.041,
255.039,
255.037,
255.034,
255.032,
255.030,
255.028,
255.026,
255.024,
255.022,
255.020,
255.019,
255.017,
255.015,
255.014,
255.013,
255.011,
255.010,
255.009,
255.008,
255.007,
255.006,
255.005,
255.004,
255.003,
255.002,
255.002,
255.001,
255.001,
255.001,
255.000,
255.000,
255.000,
255.000,
255.000,
255.000,
255.000,
255.001,
255.001,
255.001,
255.002,
255.002,
255.003,
255.004,
255.005,
255.006,
255.007,
255.008,
255.009,
255.010,
255.011,
255.013,
255.014,
255.015,
255.017,
255.019,
255.020,
255.022,
255.024,
255.026,
255.028,
255.030,
255.032,
255.034,
255.037,
255.039,
255.041,
255.044,
255.046,
255.049,
255.052,
255.054,
255.057,
255.060,
255.063,
255.066,
255.069,
255.072,
255.075,
255.078,
255.081,
255.085,
255.088,
255.091,
255.095,
255.098,
255.102,
255.106,
255.109,
255.113,
255.117,
255.120,
255.124,
255.128,
255.132,
255.136,
255.140,
255.144,
255.148,
255.152,
255.156,
255.160,
255.164,
255.168,
255.173,
255.177,
255.181,
255.185,
255.190,
255.194,
255.198,
255.203,
255.207,
255.212,
255.216,
255.220,
255.225,
255.229,
255.234,
255.238,
255.243,
255.247,
255.252,
0.000,
0.004,
0.009,
0.013,
0.018,
0.022,
0.027,
0.031,
0.036,
0.040,
0.044,
0.049,
0.053,
0.058,
0.062,
0.066,
0.071,
0.075,
0.079,
0.083,
0.088,
0.092,
0.096,
0.100,
0.104,
0.108,
0.112,
0.116,
0.120,
0.124,
0.128,
0.132,
0.136,
0.139,
0.143,
0.147,
0.150,
0.154,
0.158,
0.161,
0.165,
0.168,
0.171,
0.175,
0.178,
0.181,
0.184,
0.187,
0.190,
0.193,
0.196,
0.199,
0.202,
0.204,
0.207,
0.210,
0.212,
0.215,
0.217,
0.219,
0.222,
0.224,
0.226,
0.228,
0.230,
0.232,
0.234,
0.236,
0.237,
0.239,
0.241,
0.242,
0.243,
0.245,
0.246,
0.247,
0.248,
0.249,
0.250,
0.251,
0.252,
0.253,
0.254,
0.254,
0.255,
0.255,
0.255,
1.000,
1.000,
1.000,
